Time	Flow V	Flow L/S	Volume L	Box Press	Box V	Mouth Press	Mouth V	Corrected Volume	Volume AccelerationIter	VolumeAccelTime
13.18	-2.20002	-4.04998	-0.23087	168.83045	3.18848	-1.89096	-0.20508	0.65164		
13.19	-2.20979	-4.06796	-0.27155	171.16609	3.23242	-1.8559	-0.2002	0.61096	-0.01798	-1.798
13.2	-2.21956	-4.08593	-0.31241	172.9827	3.2666	-1.78579	-0.19043	0.5701	-0.01797	-1.797
13.21	-2.20491	-4.05897	-0.353	174.02076	3.28613	-1.75073	-0.18555	0.52951	0.02696	2.696
13.22	-2.17561	-4.00503	-0.39305	174.79931	3.30078	-1.64556	-0.1709	0.48946	0.05394	5.394
13.23	-2.16584	-3.98706	-0.43292	175.05882	3.30566	-1.57545	-0.16113	0.44959	0.01797	1.797
13.24	-2.11213	-3.88818	-0.4718	174.79931	3.30078	-1.50533	-0.15137	0.41071	0.09888	9.888
13.25	-2.0926	-3.85223	-0.51032	174.28028	3.29102	-1.43522	-0.1416	0.37219	0.03595	3.595
13.26	-2.03889	-3.75335	-0.54785	173.76125	3.28125	-1.33005	-0.12695	0.33466	0.09888	9.888
13.27	-1.99495	-3.67245	-0.58458	173.24221	3.27148	-1.25994	-0.11719	0.29793	0.0809	8.09
13.28	-1.94124	-3.57358	-0.62031	172.9827	3.2666	-1.15477	-0.10254	0.2622	0.09887	9.887
13.29	-1.88264	-3.46571	-0.65497	171.94464	3.24707	-1.01454	-0.08301	0.22754	0.10787	10.787
13.3	-1.81917	-3.34886	-0.68846	169.86851	3.20801	-0.90937	-0.06836	0.19405	0.11685	11.685
13.31	-1.75081	-3.22302	-0.72069	166.49481	3.14453	-0.69903	-0.03906	0.16182	0.12584	12.584
13.32	-1.65315	-3.04325	-0.75112	161.56401	3.05176	-0.52375	-0.01465	0.13139	0.17977	17.977
13.33	-1.61897	-2.98033	-0.78093	154.03806	2.91016	-0.24329	0.02441	0.10158	0.06292	6.292
13.34	-1.53596	-2.82752	-0.8092	144.95502	2.73926	0.07222	0.06836	0.07331	0.15281	15.281
13.35	-1.36995	-2.5219	-0.83442	133.79585	2.5293	0.35267	0.10742	0.04809	0.30562	30.562
13.36	-1.1551	-2.12583	-0.85568	121.07958	2.29004	0.63312	0.14648	0.02683	0.39607	39.607
13.37	-0.9012	-1.65489	-0.87223	108.88235	2.06055	0.77335	0.16602	0.01028	0.47094	47.094
13.38	-0.56428	-1.02817	-0.88251	96.42561	1.82617	0.63312	0.14648	0	0.62672	62.672
13.39	0.36345	0	-0.88251	83.44983	1.58203	0.42278	0.11719	0	1.02817	102.817
13.4	0.85173	1.49971	-0.86751	70.47405	1.33789	0.2475	0.09277	0.015	1.49971	149.971
13.41	1.2033	2.12074	-0.8463	56.71972	1.0791	0.17739	0.08301	0.03621	0.62103	62.103
13.42	1.51091	2.64997	-0.81981	43.48443	0.83008	0.14233	0.07813	0.0627	0.52923	52.923
13.43	1.75505	3.07542	-0.78905	31.54671	0.60547	0.07222	0.06836	0.09346	0.42545	42.545
13.44	2.10662	3.69249	-0.75213	21.94464	0.4248	0.0021	0.05859	0.13038	0.61707	61.707
13.45	2.18474	3.82981	-0.71383	14.15917	0.27832	-0.03295	0.05371	0.16868	0.13732	13.732
13.46	2.21892	3.88979	-0.67493	8.44983	0.1709	-0.06801	0.04883	0.20758	0.05998	5.998
13.47	2.2238	3.89835	-0.63595	4.29758	0.09277	-0.10307	0.04395	0.24656	0.00856	0.856
13.48	2.18474	3.82981	-0.59765	1.44291	0.03906	-0.10307	0.04395	0.28486	-0.06854	-6.854
13.49	2.14568	3.76101	-0.56004	-1.15225	-0.00977	-0.06801	0.04883	0.32247	-0.0688	-6.88
13.5	2.10173	3.68384	-0.5232	-2.44983	-0.03418	-0.06801	0.04883	0.35931	-0.07717	-7.717
13.51	2.07244	3.63226	-0.48688	-2.96886	-0.04395	-0.06801	0.04883	0.39563	-0.05158	-5.158
13.52	2.04802	3.58947	-0.45098	-2.96886	-0.04395	-0.06801	0.04883	0.43153	-0.04279	-4.279
13.53	2.01384	3.52925	-0.41569	-2.70934	-0.03906	-0.03295	0.05371	0.46682	-0.06022	-6.022
13.54	1.9699	3.45219	-0.38117	-1.9308	-0.02441	-0.06801	0.04883	0.50134	-0.07706	-7.706
13.55	1.92107	3.36628	-0.34751	-1.15225	-0.00977	-0.03295	0.05371	0.535	-0.08591	-8.591
13.56	1.86248	3.2634	-0.31487	0.40484	0.01953	0.0021	0.05859	0.56764	-0.10288	-10.288
13.57	1.81853	3.18628	-0.28301	1.96194	0.04883	0.0021	0.05859	0.5995	-0.07712	-7.712
13.58	1.75505	3.07542	-0.25225	4.29758	0.09277	0.0021	0.05859	0.63026	-0.11086	-11.086
13.59	1.69158	2.96475	-0.22261	8.19031	0.16602	0.0021	0.05859	0.6599	-0.11067	-11.067
13.6	1.64763	2.88791	-0.19373	14.15917	0.27832	0.0021	0.05859	0.68878	-0.07684	-7.684
13.61	1.63298	2.86234	-0.1651	22.46367	0.43457	0.03716	0.06348	0.71741	-0.02557	-2.557
13.62	1.55486	2.72579	-0.13785	33.36332	0.63965	0.03716	0.06348	0.74466	-0.13655	-13.655
13.63	1.4572	2.56203	-0.11223	45.56055	0.86914	0.03716	0.06348	0.77028	-0.16376	-16.376
13.64	1.33513	2.3511	-0.08872	57.75779	1.09863	0.03716	0.06348	0.79379	-0.21093	-21.093
13.65	1.17888	2.07744	-0.06794	70.73356	1.34277	-0.03295	0.05371	0.81457	-0.27366	-27.366
13.66	0.9738	1.71622	-0.05078	83.44983	1.58203	-0.17318	0.03418	0.83173	-0.36122	-36.122
13.67	0.71501	1.25506	-0.03823	94.609	1.79199	-0.41858	0	0.84428	-0.46116	-46.116
13.68	0.17302	0.2972	-0.03526	105.24913	1.99219	-0.69903	-0.03906	0.84725	-0.95786	-95.786
13.69	-0.73518	0	-0.03526	115.11073	2.17773	-0.94443	-0.07324	0.84725	-0.2972	-29.72
13.7	-1.10139	-2.02606	-0.05552	124.45329	2.35352	-1.11971	-0.09766	0.82699	-2.02606	-202.606
13.71	-1.38948	-2.55786	-0.0811	133.27682	2.51953	-1.25994	-0.11719	0.80141	-0.5318	-53.18
13.72	-1.61409	-2.97134	-0.11081	141.84083	2.68066	-1.40016	-0.13672	0.7717	-0.41348	-41.348
13.73	-1.85823	-3.42077	-0.14502	149.6263	2.82715	-1.54039	-0.15625	0.73749	-0.44943	-44.943
13.74	-1.9803	-3.64549	-0.18147	155.85467	2.94434	-1.6105	-0.16602	0.70104	-0.22472	-22.472
13.75	-2.04377	-3.76234	-0.21909	160.78547	3.03711	-1.68062	-0.17578	0.66342	-0.11685	-11.685
13.76	-2.0926	-3.85223	-0.25762	164.6782	3.11035	-1.75073	-0.18555	0.62489	-0.08989	-8.989
13.77	-2.13655	-3.93313	-0.29695	167.53287	3.16406	-1.78579	-0.19043	0.58556	-0.0809	-8.09
13.78	-2.16096	-3.97807	-0.33673	169.609	3.20313	-1.78579	-0.19043	0.54578	-0.04494	-4.494
13.79	-2.17561	-4.00503	-0.37678	171.42561	3.2373	-1.75073	-0.18555	0.50573	-0.02696	-2.696
13.8	-2.18538	-4.02301	-0.41701	172.9827	3.2666	-1.71567	-0.18066	0.4655	-0.01798	-1.798
13.81	-2.17561	-4.00503	-0.45706	174.28028	3.29102	-1.68062	-0.17578	0.42545	0.01798	1.798
13.82	-2.16584	-3.98706	-0.49693	175.05882	3.30566	-1.57545	-0.16113	0.38558	0.01797	1.797
13.83	-2.1512	-3.96009	-0.53653	175.31834	3.31055	-1.50533	-0.15137	0.34598	0.02697	2.697
13.84	-2.10237	-3.8702	-0.57523	174.79931	3.30078	-1.43522	-0.1416	0.30728	0.08989	8.989
13.85	-2.06331	-3.7983	-0.61322	173.50173	3.27637	-1.29499	-0.12207	0.26929	0.0719	7.19
13.86	-1.99495	-3.67245	-0.64994	171.16609	3.23242	-1.11971	-0.09766	0.23257	0.12585	12.585
13.87	-1.91194	-3.51965	-0.68514	167.53287	3.16406	-0.94443	-0.07324	0.19737	0.1528	15.28
13.88	-1.81917	-3.34886	-0.71863	162.08304	3.06152	-0.73409	-0.04395	0.16388	0.17079	17.079
13.89	-1.68733	-3.10617	-0.74969	154.55709	2.91992	-0.41858	0	0.13282	0.24269	24.269
13.9	-1.62385	-2.98932	-0.77958	145.47405	2.74902	-0.10307	0.04395	0.10293	0.11685	11.685
13.91	-1.54084	-2.83651	-0.80795	134.31488	2.53906	0.21244	0.08789	0.07456	0.15281	15.281
13.92	-1.326	-2.44101	-0.83236	122.37716	2.31445	0.52795	0.13184	0.05015	0.3955	39.55
13.93	-1.07698	-1.98066	-0.85216	110.43945	2.08984	0.73829	0.16113	0.03035	0.46035	46.035
13.94	-0.76448	-1.40133	-0.86618	99.02076	1.875	0.73829	0.16113	0.01633	0.57933	57.933
13.95	-0.23713	-0.41451	-0.87032	87.60208	1.66016	0.52795	0.13184	0.01219	0.98682	98.682
13.96	0.65642	0	-0.87032	76.18339	1.44531	0.31761	0.10254	0.01219	0.41451	41.451
13.97	1.02263	1.80294	-0.85229	63.72664	1.21094	0.21244	0.08789	0.03022	1.80294	180.294
13.98	1.34978	2.37672	-0.82852	51.52941	0.98145	0.14233	0.07813	0.05399	0.57378	57.378
13.99	1.57927	2.76848	-0.80084	40.62976	0.77637	0.10727	0.07324	0.08167	0.39176	39.176
14	1.88201	3.29783	-0.76786	30.24913	0.58105	0.0021	0.05859	0.11465	0.52935	52.935
14.01	2.05291	3.59803	-0.73188	21.42561	0.41504	-0.03295	0.05371	0.15063	0.3002	30.02
14.02	2.11638	3.70966	-0.69478	14.15917	0.27832	-0.06801	0.04883	0.18773	0.11163	11.163
14.03	2.15056	3.76957	-0.65709	8.44983	0.1709	-0.10307	0.04395	0.22542	0.05991	5.991
14.04	2.15544	3.77813	-0.61931	4.03806	0.08789	-0.06801	0.04883	0.2632	0.00856	0.856
14.05	2.16521	3.79525	-0.58135	0.40484	0.01953	-0.10307	0.04395	0.30116	0.01712	1.712
14.06	2.13591	3.74389	-0.54392	-1.9308	-0.02441	-0.06801	0.04883	0.33859	-0.05136	-5.136
14.07	2.13591	3.74389	-0.50648	-3.48789	-0.05371	-0.06801	0.04883	0.37603	0	0
14.08	2.10173	3.68384	-0.46964	-4.26644	-0.06836	-0.06801	0.04883	0.41287	-0.06005	-6.005
14.09	2.07732	3.64082	-0.43323	-4.52595	-0.07324	-0.06801	0.04883	0.44928	-0.04302	-4.302
14.1	2.02849	3.55519	-0.39768	-4.26644	-0.06836	-0.06801	0.04883	0.48483	-0.08563	-8.563
14.11	1.98455	3.47787	-0.3629	-4.00692	-0.06348	-0.03295	0.05371	0.51961	-0.07732	-7.732
14.12	1.92595	3.37484	-0.32915	-3.48789	-0.05371	-0.06801	0.04883	0.55336	-0.10303	-10.303
14.13	1.87712	3.28928	-0.29626	-2.70934	-0.03906	-0.06801	0.04883	0.58625	-0.08556	-8.556
14.14	1.8283	3.20339	-0.26422	-1.41176	-0.01465	-0.03295	0.05371	0.61829	-0.08589	-8.589
14.15	1.78435	3.12671	-0.23296	0.66436	0.02441	0.0021	0.05859	0.64955	-0.07668	-7.668
14.16	1.73064	3.0329	-0.20263	3	0.06836	0.0021	0.05859	0.67988	-0.09381	-9.381
14.17	1.67693	2.93907	-0.17324	6.63322	0.13672	0.03716	0.06348	0.70927	-0.09383	-9.383
14.18	1.64763	2.88791	-0.14436	11.3045	0.22461	0.03716	0.06348	0.73815	-0.05116	-5.116
14.19	1.6281	2.85378	-0.11582	18.0519	0.35156	0.03716	0.06348	0.76669	-0.03413	-3.413
14.2	1.55974	2.73428	-0.08848	25.83737	0.49805	0.03716	0.06348	0.79403	-0.1195	-11.95
14.21	1.4865	2.60838	-0.06239	35.69896	0.68359	0.03716	0.06348	0.82012	-0.1259	-12.59
14.22	1.38884	2.44476	-0.03795	47.11765	0.89844	0.03716	0.06348	0.84456	-0.16362	-16.362
14.23	1.25701	2.21465	-0.0158	58.79585	1.11816	0.0021	0.05859	0.86671	-0.23011	-23.011
14.24	1.08123	1.9068	0.00327	70.73356	1.34277	-0.10307	0.04395	0.88578	-0.30785	-30.785
14.25	0.83708	1.47374	0.018	81.89273	1.55273	-0.27835	0.01953	0.90051	-0.43306	-43.306
14.26	0.5197	0.9067	0.02707	91.49481	1.7334	-0.5588	-0.01953	0.90958	-0.56704	-56.704
14.27	-0.43245	0	0.02707	101.09689	1.91406	-0.8042	-0.05371	0.90958	-0.9067	-90.67
14.28	-0.91096	-1.67299	0.01034	110.69896	2.09473	-1.01454	-0.08301	0.89285	-1.67299	-167.299
14.29	-1.23323	-2.27022	-0.01236	120.82007	2.28516	-1.22488	-0.1123	0.87015	-0.59723	-59.723
14.3	-1.50667	-2.77359	-0.0401	130.16263	2.46094	-1.40016	-0.13672	0.84241	-0.50337	-50.337
14.31	-1.71174	-3.15111	-0.07161	139.50519	2.63672	-1.57545	-0.16113	0.8109	-0.37752	-37.752
14.32	-1.98518	-3.65448	-0.10815	147.29066	2.7832	-1.71567	-0.18066	0.77436	-0.50337	-50.337
14.33	-2.06331	-3.7983	-0.14613	153	2.89063	-1.82084	-0.19531	0.73638	-0.14382	-14.382
14.34	-2.12678	-3.91515	-0.18529	157.41176	2.97363	-1.8559	-0.2002	0.69722	-0.11685	-11.685
14.35	-2.16584	-3.98706	-0.22516	160.26644	3.02734	-1.8559	-0.2002	0.65735	-0.07191	-7.191
14.36	-2.19026	-4.032	-0.26548	162.08304	3.06152	-1.82084	-0.19531	0.61703	-0.04494	-4.494
14.37	-2.19026	-4.032	-0.3058	163.38062	3.08594	-1.78579	-0.19043	0.57671	0	0
14.38	-2.19026	-4.032	-0.34612	163.89965	3.0957	-1.71567	-0.18066	0.53639	0	0
14.39	-2.17073	-3.99605	-0.38608	163.64014	3.09082	-1.6105	-0.16602	0.49643	0.03595	3.595
14.4	-2.13655	-3.93313	-0.42541	161.82353	3.05664	-1.43522	-0.1416	0.4571	0.06292	6.292
14.41	-2.07307	-3.81627	-0.46357	158.44983	2.99316	-1.25994	-0.11719	0.41894	0.11686	11.686
14.42	-2.00471	-3.69043	-0.50048	153.25952	2.89551	-1.0496	-0.08789	0.38203	0.12584	12.584
14.43	-1.88264	-3.46571	-0.53513	145.73356	2.75391	-0.76914	-0.04883	0.34738	0.22472	22.472
14.44	-1.74104	-3.20504	-0.56718	135.09343	2.55371	-0.38352	0.00488	0.31533	0.26067	26.067
14.45	-1.61409	-2.97134	-0.5969	121.85813	2.30469	0.03716	0.06348	0.28561	0.2337	23.37
14.46	-1.53108	-2.81853	-0.62508	106.02768	2.00684	0.45784	0.12207	0.25743	0.15281	15.281
14.47	-1.25276	-2.30618	-0.64814	90.19723	1.70898	0.77335	0.16602	0.23437	0.51235	51.235
14.48	-0.91584	-1.68204	-0.66496	75.92388	1.44043	0.77335	0.16602	0.21755	0.62414	62.414
14.49	-0.3592	-0.64527	-0.67142	62.68858	1.19141	0.45784	0.12207	0.21109	1.03677	103.677
14.5	0.75408	0	-0.67142	49.97232	0.95215	0.21244	0.08789	0.21109	0.64527	64.527
14.51	1.16912	2.06002	-0.65082	37.51557	0.71777	0.10727	0.07324	0.23169	2.06002	206.002
14.52	1.48162	2.60044	-0.62481	26.3564	0.50781	0.07222	0.06836	0.2577	0.54042	54.042
14.53	1.73552	3.04146	-0.5944	15.97578	0.3125	0.0021	0.05859	0.28811	0.44102	44.102
14.54	2.05291	3.59803	-0.55842	6.89273	0.1416	-0.03295	0.05371	0.32409	0.55657	55.657
14.55	2.11638	3.70966	-0.52132	-0.63322	0	-0.06801	0.04883	0.36119	0.11163	11.163
14.56	2.15544	3.77813	-0.48354	-6.60208	-0.1123	-0.10307	0.04395	0.39897	0.06847	6.847
14.57	2.15544	3.77813	-0.44576	-11.27336	-0.2002	-0.10307	0.04395	0.43675	0	0
14.58	2.12615	3.72678	-0.40849	-14.90657	-0.26855	-0.10307	0.04395	0.47402	-0.05135	-5.135
14.59	2.0822	3.64938	-0.372	-17.24221	-0.3125	-0.06801	0.04883	0.51051	-0.0774	-7.74
14.6	2.03826	3.57236	-0.33627	-18.53979	-0.33691	-0.10307	0.04395	0.54624	-0.07702	-7.702
14.61	1.99919	3.50354	-0.30124	-19.57785	-0.35645	-0.10307	0.04395	0.58127	-0.06882	-6.882
14.62	1.96013	3.43508	-0.26689	-20.09689	-0.36621	-0.10307	0.04395	0.61562	-0.06846	-6.846
14.63	1.91619	3.35773	-0.23331	-20.87543	-0.38086	-0.06801	0.04883	0.6492	-0.07735	-7.735
14.64	1.86248	3.2634	-0.20068	-21.13495	-0.38574	-0.06801	0.04883	0.68183	-0.09433	-9.433
14.65	1.81365	3.17777	-0.1689	-20.3564	-0.37109	-0.03295	0.05371	0.71361	-0.08563	-8.563
14.66	1.75505	3.07542	-0.13814	-18.79931	-0.3418	-0.06801	0.04883	0.74437	-0.10235	-10.235
14.67	1.69646	2.9733	-0.10841	-15.68512	-0.2832	-0.03295	0.05371	0.7741	-0.10212	-10.212
14.68	1.64763	2.88791	-0.07953	-10.23529	-0.18066	-0.03295	0.05371	0.80298	-0.08539	-8.539
14.69	1.63787	2.8709	-0.05082	-1.9308	-0.02441	0.0021	0.05859	0.83169	-0.01701	-1.701
14.7	1.57927	2.76848	-0.02314	8.44983	0.1709	0.0021	0.05859	0.85937	-0.10242	-10.242
14.71	1.49138	2.61668	0.00303	21.16609	0.41016	0.03716	0.06348	0.88554	-0.1518	-15.18
14.72	1.39373	2.45329	0.02756	35.17993	0.67383	0.0021	0.05859	0.91007	-0.16339	-16.339
14.73	1.25212	2.2061	0.04962	51.01038	0.97168	-0.06801	0.04883	0.93213	-0.24719	-24.719
14.74	1.05681	1.86355	0.06826	66.84083	1.26953	-0.24329	0.02441	0.95077	-0.34255	-34.255
14.75	0.80291	1.41244	0.08238	79.81661	1.51367	-0.5588	-0.01953	0.96489	-0.45111	-45.111
14.76	0.29998	0.52036	0.08759	91.23529	1.72852	-0.87431	-0.06348	0.9701	-0.89208	-89.208
14.77	-0.75471	0	0.08759	101.87543	1.92871	-1.08465	-0.09277	0.9701	-0.52036	-52.036
14.78	-1.15022	-2.11676	0.06642	112.25606	2.12402	-1.29499	-0.12207	0.94893	-2.11676	-211.676
14.79	-1.47249	-2.71067	0.03931	123.15571	2.3291	-1.54039	-0.15625	0.92182	-0.59391	-59.391
14.8	-1.71663	-3.1601	0.00771	133.53633	2.52441	-1.71567	-0.18066	0.89022	-0.44943	-44.943
14.81	-2.04377	-3.76234	-0.02991	142.87889	2.7002	-1.8559	-0.2002	0.8526	-0.60224	-60.224
14.82	-2.1512	-3.96009	-0.06951	151.70242	2.86621	-2.03118	-0.22461	0.813	-0.19775	-19.775
14.83	-2.2342	-4.1129	-0.11064	159.22837	3.00781	-2.17141	-0.24414	0.77187	-0.15281	-15.281
14.84	-2.31721	-4.26571	-0.1533	164.6782	3.11035	-2.20647	-0.24902	0.72921	-0.15281	-15.281
14.85	-2.36604	-4.35559	-0.19686	168.0519	3.17383	-2.17141	-0.24414	0.68565	-0.08988	-8.988
14.86	-2.39045	-4.40054	-0.24086	169.86851	3.20801	-2.17141	-0.24414	0.64165	-0.04495	-4.495
14.87	-2.39534	-4.40952	-0.28496	170.12803	3.21289	-2.06624	-0.22949	0.59755	-0.00898	-0.898
14.88	-2.37092	-4.36458	-0.3286	169.609	3.20313	-1.96107	-0.21484	0.55391	0.04494	4.494
14.89	-2.33186	-4.29267	-0.37153	167.01384	3.1543	-1.82084	-0.19531	0.51098	0.07191	7.191
14.9	-2.27327	-4.18481	-0.41338	162.86159	3.07617	-1.57545	-0.16113	0.46913	0.10786	10.786
14.91	-2.18538	-4.02301	-0.45361	157.15225	2.96875	-1.33005	-0.12695	0.4289	0.1618	16.18
14.92	-2.06819	-3.80728	-0.49168	148.58824	2.80762	-1.01454	-0.08301	0.39083	0.21573	21.573
14.93	-1.90706	-3.51066	-0.52679	137.42907	2.59766	-0.62892	-0.0293	0.35572	0.29662	29.662
14.94	-1.70198	-3.13313	-0.55812	123.93426	2.34375	-0.17318	0.03418	0.32439	0.37753	37.753
14.95	-1.61409	-2.97134	-0.58783	107.32526	2.03125	0.31761	0.10254	0.29468	0.16179	16.179
14.96	-1.43342	-2.63876	-0.61422	89.93772	1.7041	0.73829	0.16113	0.26829	0.33258	33.258
14.97	-1.10139	-2.02606	-0.63448	74.10727	1.40625	0.84346	0.17578	0.24803	0.6127	61.27
14.98	-0.65706	-1.20022	-0.64648	59.31488	1.12793	0.56301	0.13672	0.23603	0.82584	82.584
14.99	0.56365	0	-0.64648	45.30104	0.86426	0.28256	0.09766	0.23603	1.20022	120.022
15	1.10076	1.94093	-0.62707	32.06574	0.61523	0.07222	0.06836	0.25544	1.94093	194.093
15.01	1.45232	2.55429	-0.60153	18.83045	0.36621	0.0021	0.05859	0.28098	0.61336	61.336
15.02	1.72087	3.01579	-0.57137	6.3737	0.13184	0.0021	0.05859	0.31114	0.4615	46.15
15.03	2.12126	3.71822	-0.53419	-4.26644	-0.06836	-0.03295	0.05371	0.34832	0.70243	70.243
15.04	2.18474	3.82981	-0.49589	-13.34948	-0.23926	-0.06801	0.04883	0.38662	0.11159	11.159
15.05	2.21892	3.88979	-0.45699	-21.39446	-0.39063	-0.06801	0.04883	0.42552	0.05998	5.998
15.06	2.20916	3.87267	-0.41827	-27.62284	-0.50781	-0.10307	0.04395	0.46424	-0.01712	-1.712
15.07	2.15056	3.76957	-0.38057	-32.0346	-0.59082	-0.13812	0.03906	0.50194	-0.1031	-10.31
15.08	2.10173	3.68384	-0.34373	-34.62976	-0.63965	-0.10307	0.04395	0.53878	-0.08573	-8.573
15.09	2.04314	3.58091	-0.30792	-36.18685	-0.66895	-0.13812	0.03906	0.57459	-0.10293	-10.293
15.1	1.98943	3.48642	-0.27306	-36.70588	-0.67871	-0.10307	0.04395	0.60945	-0.09449	-9.449
15.11	1.94548	3.40927	-0.23897	-36.44637	-0.67383	-0.10307	0.04395	0.64354	-0.07715	-7.715
15.12	1.88201	3.29783	-0.20599	-35.4083	-0.6543	-0.06801	0.04883	0.67652	-0.11144	-11.144
15.13	1.83806	3.2205	-0.17378	-33.5917	-0.62012	-0.10307	0.04395	0.70873	-0.07733	-7.733
15.14	1.7697	3.10104	-0.14277	-30.47751	-0.56152	-0.06801	0.04883	0.73974	-0.11946	-11.946
15.15	1.71599	3.00727	-0.1127	-25.54671	-0.46875	-0.03295	0.05371	0.76981	-0.09377	-9.377
15.16	1.6574	2.90488	-0.08365	-18.28028	-0.33203	-0.03295	0.05371	0.79886	-0.10239	-10.239
15.17	1.63298	2.86234	-0.05503	-8.6782	-0.15137	-0.03295	0.05371	0.82748	-0.04254	-4.254
15.18	1.59392	2.79398	-0.02709	4.81661	0.10254	0.0021	0.05859	0.85542	-0.06836	-6.836
15.19	1.50115	2.63328	-0.00075	20.64706	0.40039	0.0021	0.05859	0.88176	-0.1607	-16.07
15.2	1.38396	2.43626	0.02361	36.99654	0.70801	-0.03295	0.05371	0.90612	-0.19702	-19.702
15.21	1.22283	2.15503	0.04516	54.12457	1.03027	-0.13812	0.03906	0.92767	-0.28123	-28.123
15.22	0.99822	1.75952	0.06275	69.43599	1.31836	-0.31341	0.01465	0.94526	-0.39551	-39.551
15.23	0.69548	1.2204	0.07496	81.89273	1.55273	-0.66397	-0.03418	0.95747	-0.53912	-53.912
15.24	-0.21272	0	0.07496	91.75433	1.73828	-0.90937	-0.06836	0.95747	-1.2204	-122.04
15.25	-0.88655	-1.62784	0.05868	101.61592	1.92383	-1.11971	-0.09766	0.94119	-1.62784	-162.784
15.26	-1.25276	-2.30618	0.03562	111.73702	2.11426	-1.33005	-0.12695	0.91813	-0.67834	-67.834
15.27	-1.53108	-2.81853	0.00743	121.59862	2.2998	-1.50533	-0.15137	0.88994	-0.51235	-51.235
15.28	-1.79963	-3.31291	-0.0257	131.20069	2.48047	-1.71567	-0.18066	0.85681	-0.49438	-49.438
15.29	-2.04377	-3.76234	-0.06332	140.02422	2.64648	-1.89096	-0.20508	0.81919	-0.44943	-44.943
15.3	-2.14143	-3.94211	-0.10274	147.55017	2.78809	-1.99613	-0.21973	0.77977	-0.17977	-17.977
15.31	-2.20491	-4.05897	-0.14333	154.29758	2.91504	-2.06624	-0.22949	0.73918	-0.11686	-11.686
15.32	-2.27327	-4.18481	-0.18518	160.00692	3.02246	-2.13635	-0.23926	0.69733	-0.12584	-12.584
15.33	-2.31721	-4.26571	-0.22784	164.41869	3.10547	-2.13635	-0.23926	0.65467	-0.0809	-8.09
15.34	-2.34651	-4.31964	-0.27103	168.0519	3.17383	-2.1013	-0.23438	0.61148	-0.05393	-5.393
15.35	-2.36116	-4.3466	-0.3145	170.64706	3.22266	-2.06624	-0.22949	0.56801	-0.02696	-2.696
15.36	-2.35627	-4.33762	-0.35788	171.68512	3.24219	-1.96107	-0.21484	0.52463	0.00898	0.898
15.37	-2.34651	-4.31964	-0.40107	171.16609	3.23242	-1.89096	-0.20508	0.48144	0.01798	1.798
15.38	-2.28792	-4.21177	-0.44319	169.08997	3.19336	-1.78579	-0.19043	0.43932	0.10787	10.787
15.39	-2.2342	-4.1129	-0.48432	165.97578	3.13477	-1.64556	-0.1709	0.39819	0.09887	9.887
15.4	-2.1512	-3.96009	-0.52392	161.3045	3.04688	-1.40016	-0.13672	0.35859	0.15281	15.281
15.41	-2.04377	-3.76234	-0.56154	154.55709	2.91992	-1.15477	-0.10254	0.32097	0.19775	19.775
15.42	-1.92659	-3.54661	-0.59701	145.47405	2.74902	-0.8042	-0.05371	0.2855	0.21573	21.573
15.43	-1.76057	-3.241	-0.62942	132.75779	2.50977	-0.34846	0.00977	0.25309	0.30561	30.561
15.44	-1.61409	-2.97134	-0.65913	117.70588	2.22656	0.10727	0.07324	0.22338	0.26966	26.966
15.45	-1.52131	-2.80055	-0.68714	101.09689	1.91406	0.56301	0.13672	0.19537	0.17079	17.079
15.46	-1.23323	-2.27022	-0.70984	85.26644	1.61621	0.80841	0.1709	0.17267	0.53033	53.033
15.47	-0.85725	-1.57364	-0.72558	69.95502	1.32813	0.70324	0.15625	0.15693	0.69658	69.658
15.48	0.03142	0	-0.72558	55.68166	1.05957	0.38773	0.1123	0.15693	1.57364	157.364
15.49	0.88103	1.55168	-0.71006	41.66782	0.7959	0.17739	0.08301	0.17245	1.55168	155.168
15.5	1.29119	2.27444	-0.68731	27.13495	0.52246	0.07222	0.06836	0.1952	0.72276	72.276
15.51	1.55486	2.72579	-0.66006	13.64014	0.26855	0.0021	0.05859	0.22245	0.45135	45.135
15.52	2.00896	3.52065	-0.62485	1.96194	0.04883	-0.03295	0.05371	0.25766	0.79486	79.486
15.53	2.18962	3.83843	-0.58647	-8.6782	-0.15137	-0.10307	0.04395	0.29604	0.31778	31.778
15.54	2.2531	3.94985	-0.54697	-17.24221	-0.3125	-0.13812	0.03906	0.33554	0.11142	11.142
15.55	2.25798	3.95851	-0.50738	-24.50865	-0.44922	-0.17318	0.03418	0.37513	0.00866	0.866
15.56	2.22869	3.90691	-0.46831	-29.69896	-0.54688	-0.13812	0.03906	0.4142	-0.0516	-5.16
15.57	2.17009	3.80385	-0.43028	-33.5917	-0.62012	-0.13812	0.03906	0.45223	-0.10306	-10.306
15.58	2.10662	3.69249	-0.39335	-36.18685	-0.66895	-0.10307	0.04395	0.48916	-0.11136	-11.136
15.59	2.06755	3.6237	-0.35711	-37.74394	-0.69824	-0.10307	0.04395	0.5254	-0.06879	-6.879
15.6	2.01384	3.52925	-0.32182	-38.26298	-0.70801	-0.10307	0.04395	0.56069	-0.09445	-9.445
15.61	1.96013	3.43508	-0.28747	-38.52249	-0.71289	-0.10307	0.04395	0.59504	-0.09417	-9.417
15.62	1.90154	3.33206	-0.25415	-38.00346	-0.70313	-0.06801	0.04883	0.62836	-0.10302	-10.302
15.63	1.83806	3.2205	-0.22194	-36.9654	-0.68359	-0.06801	0.04883	0.66057	-0.11156	-11.156
15.64	1.78923	3.13527	-0.19059	-35.4083	-0.6543	-0.03295	0.05371	0.69192	-0.08523	-8.523
15.65	1.74529	3.05846	-0.16001	-33.33218	-0.61523	-0.03295	0.05371	0.7225	-0.07681	-7.681
15.66	1.70134	2.98183	-0.13019	-30.47751	-0.56152	-0.06801	0.04883	0.75232	-0.07663	-7.663
15.67	1.65251	2.8964	-0.10122	-26.32526	-0.4834	-0.06801	0.04883	0.78129	-0.08543	-8.543
15.68	1.64275	2.87943	-0.07243	-19.57785	-0.35645	-0.03295	0.05371	0.81008	-0.01697	-1.697
15.69	1.60369	2.81099	-0.04432	-11.01384	-0.19531	0.0021	0.05859	0.83819	-0.06844	-6.844
15.7	1.52556	2.67508	-0.01757	-0.3737	0.00488	0.03716	0.06348	0.86494	-0.13591	-13.591
15.71	1.44255	2.53838	0.00781	11.82353	0.23438	0.03716	0.06348	0.89032	-0.1367	-13.67
15.72	1.35955	2.39379	0.03175	24.79931	0.47852	0.0021	0.05859	0.91426	-0.14459	-14.459
15.73	1.25701	2.21465	0.0539	39.85121	0.76172	-0.03295	0.05371	0.93641	-0.17914	-17.914
15.74	1.11052	1.95805	0.07348	55.16263	1.0498	-0.13812	0.03906	0.95599	-0.2566	-25.66
15.75	0.90544	1.59494	0.08943	68.39792	1.29883	-0.34846	0.00977	0.97194	-0.36311	-36.311
15.76	0.60759	1.06338	0.10006	79.81661	1.51367	-0.66397	-0.03418	0.98257	-0.53156	-53.156
15.77	-0.36897	0	0.10006	89.41869	1.69434	-0.87431	-0.06348	0.98257	-1.06338	-106.338
15.78	-0.93049	-1.7092	0.08297	99.28028	1.87988	-1.11971	-0.09766	0.96548	-1.7092	-170.92
15.79	-1.25764	-2.31517	0.05982	109.40138	2.07031	-1.33005	-0.12695	0.94233	-0.60597	-60.597
15.8	-1.54084	-2.83651	0.03145	120.30104	2.27539	-1.54039	-0.15625	0.91396	-0.52134	-52.134
15.81	-1.79963	-3.31291	-0.00168	130.16263	2.46094	-1.68062	-0.17578	0.88083	-0.4764	-47.64
15.82	-2.04866	-3.77133	-0.03939	138.46713	2.61719	-1.8559	-0.2002	0.84312	-0.45842	-45.842
15.83	-2.1219	-3.90616	-0.07845	145.73356	2.75391	-1.92601	-0.20996	0.80406	-0.13483	-13.483
15.84	-2.19026	-4.032	-0.11877	152.22145	2.87598	-2.03118	-0.22461	0.76374	-0.12584	-12.584
15.85	-2.24885	-4.13986	-0.16017	157.41176	2.97363	-2.1013	-0.23438	0.72234	-0.10786	-10.786
15.86	-2.2928	-4.22076	-0.20238	161.56401	3.05176	-2.13635	-0.23926	0.68013	-0.0809	-8.09
15.87	-2.32698	-4.28368	-0.24521	164.15917	3.10059	-2.1013	-0.23438	0.6373	-0.06292	-6.292
15.88	-2.33674	-4.30166	-0.28823	164.93772	3.11523	-2.03118	-0.22461	0.59428	-0.01798	-1.798
15.89	-2.31721	-4.26571	-0.33089	164.41869	3.10547	-1.92601	-0.20996	0.55162	0.03595	3.595
15.9	-2.28792	-4.21177	-0.37301	162.34256	3.06641	-1.82084	-0.19531	0.5095	0.05394	5.394
15.91	-2.22932	-4.10391	-0.41404	159.48789	3.0127	-1.64556	-0.1709	0.46847	0.10786	10.786
15.92	-2.15608	-3.96908	-0.45373	154.55709	2.91992	-1.43522	-0.1416	0.42878	0.13483	13.483
15.93	-2.05842	-3.78931	-0.49163	147.03114	2.77832	-1.11971	-0.09766	0.39088	0.17977	17.977
15.94	-1.92659	-3.54661	-0.52709	136.91003	2.58789	-0.73409	-0.04395	0.35542	0.2427	24.27
15.95	-1.73127	-3.18707	-0.55896	123.15571	2.3291	-0.27835	0.01953	0.32355	0.35954	35.954
15.96	-1.62874	-2.9983	-0.58895	106.80623	2.02148	0.2475	0.09277	0.29356	0.18877	18.877
15.97	-1.47737	-2.71966	-0.61614	89.15917	1.68945	0.70324	0.15625	0.26637	0.27864	27.864
15.98	-1.1551	-2.12583	-0.6374	72.55017	1.37695	0.84346	0.17578	0.24511	0.59383	59.383
15.99	-0.7303	-1.33717	-0.65077	56.46021	1.07422	0.59807	0.1416	0.23174	0.78866	78.866
16	0.46111	0	-0.65077	40.62976	0.77637	0.31761	0.10254	0.23174	1.33717	133.717
16.01	1.07146	1.88967	-0.63188	25.31834	0.48828	0.10727	0.07324	0.25063	1.88967	188.967
16.02	1.43279	2.52145	-0.60666	9.48789	0.19043	0.03716	0.06348	0.27585	0.63178	63.178
16.03	1.72087	3.01579	-0.57651	-5.04498	-0.08301	-0.03295	0.05371	0.306	0.49434	49.434
16.04	2.18962	3.83843	-0.53812	-16.72318	-0.30273	-0.10307	0.04395	0.34439	0.82264	82.264
16.05	2.27263	3.98362	-0.49828	-27.10381	-0.49805	-0.17318	0.03418	0.38423	0.14519	14.519
16.06	2.2824	3.99972	-0.45829	-35.14879	-0.64941	-0.17318	0.03418	0.42422	0.0161	1.61
16.07	2.24822	3.94119	-0.41888	-41.11765	-0.76172	-0.13812	0.03906	0.46363	-0.05853	-5.853
16.08	2.17986	3.82116	-0.38066	-45.52941	-0.84473	-0.10307	0.04395	0.50185	-0.12003	-12.003
16.09	2.10662	3.69249	-0.34374	-48.12457	-0.89355	-0.10307	0.04395	0.53877	-0.12867	-12.867
16.1	2.03826	3.57236	-0.30802	-49.68166	-0.92285	-0.10307	0.04395	0.57449	-0.12013	-12.013
16.11	1.97478	3.46075	-0.27341	-49.94118	-0.92773	-0.13812	0.03906	0.6091	-0.11161	-11.161
16.12	1.9113	3.34917	-0.23992	-49.68166	-0.92285	-0.13812	0.03906	0.64259	-0.11158	-11.158
16.13	1.84294	3.22906	-0.20763	-49.16263	-0.91309	-0.10307	0.04395	0.67488	-0.12011	-12.011
16.14	1.78435	3.12671	-0.17636	-48.12457	-0.89355	-0.06801	0.04883	0.70615	-0.10235	-10.235
16.15	1.72576	3.02434	-0.14612	-46.30796	-0.85938	-0.06801	0.04883	0.73639	-0.10237	-10.237
16.16	1.68181	2.94763	-0.11664	-43.19377	-0.80078	-0.06801	0.04883	0.76587	-0.07671	-7.671
16.17	1.6574	2.90488	-0.08759	-38.52249	-0.71289	-0.06801	0.04883	0.79492	-0.04275	-4.275
16.18	1.64275	2.87943	-0.0588	-31.77509	-0.58594	-0.03295	0.05371	0.82371	-0.02545	-2.545
16.19	1.60857	2.81955	-0.0306	-22.17301	-0.40527	0.0021	0.05859	0.85191	-0.05988	-5.988
16.2	1.54998	2.7173	-0.00343	-10.75433	-0.19043	0.0021	0.05859	0.87908	-0.10225	-10.225
16.21	1.48162	2.60044	0.02258	2.48097	0.05859	0.0021	0.05859	0.90509	-0.11686	-11.686
16.22	1.39861	2.46183	0.0472	17.53287	0.3418	0.0021	0.05859	0.92971	-0.13861	-13.861
16.23	1.28142	2.25738	0.06977	33.88235	0.64941	-0.03295	0.05371	0.95228	-0.20445	-20.445
16.24	1.1447	2.01713	0.08994	50.49135	0.96191	-0.13812	0.03906	0.97245	-0.24025	-24.025
16.25	0.92498	1.62962	0.10624	66.3218	1.25977	-0.38352	0.00488	0.98875	-0.38751	-38.751
16.26	0.61736	1.08097	0.11705	79.29758	1.50391	-0.73409	-0.04395	0.99956	-0.54865	-54.865
16.27	-0.34456	0	0.11705	89.6782	1.69922	-1.01454	-0.08301	0.99956	-1.08097	-108.097
16.28	-0.97932	-1.79961	0.09905	100.57785	1.9043	-1.25994	-0.11719	0.98156	-1.79961	-179.961
16.29	-1.34553	-2.47696	0.07428	111.73702	2.11426	-1.50533	-0.15137	0.95679	-0.67735	-67.735
16.3	-1.58479	-2.91741	0.04511	122.37716	2.31445	-1.71567	-0.18066	0.92762	-0.44045	-44.045
16.31	-1.99006	-3.66347	0.00847	133.0173	2.51465	-1.92601	-0.20996	0.89098	-0.74606	-74.606
16.32	-2.1512	-3.96009	-0.03113	142.35986	2.69043	-2.1013	-0.23438	0.85138	-0.29662	-29.662
