Time	Exp Mouth Pressure	Pred Mouth Pressure
13.18	-1.89096	
13.19	-1.8559	-1.801195903
13.2	-1.78579	-1.723494936
13.21	-1.75073	-1.610412073
13.22	-1.64556	-1.480215236
13.23	-1.57545	-1.377241875
13.24	-1.50533	-1.224005035
13.25	-1.43522	-1.109060885
13.26	-1.33005	-0.965964841
13.27	-1.25994	-0.830470494
13.28	-1.15477	-0.693181098
13.29	-1.01454	-0.554528569
13.3	-0.90937	-0.416680219
13.31	-0.69903	-0.280392079
13.32	-0.52375	-0.134785743
13.33	-0.24329	-0.011227677
13.34	0.07222	0.094169562
13.35	0.35267	0.234322263
13.36	0.63312	0.401133784
13.37	0.77335	0.558948375
13.38	0.63312	0.673499539
13.39	0.42278	0.653418104
13.4	0.2475	0.369780983
13.41	0.17739	0.517024418
13.42	0.14233	0.365996781
13.43	0.07222	0.220648148
13.44	0.0021	-0.127076358
13.45	-0.03295	-0.084040599
13.46	-0.06801	-0.113399065
13.47	-0.10307	-0.12476347
13.48	-0.10307	-0.095653541
13.49	-0.06801	-0.08257347
13.5	-0.06801	-0.066235016
13.51	-0.06801	-0.066384843
13.52	-0.06801	-0.068913383
13.53	-0.03295	-0.063460237
13.54	-0.06801	-0.053359484
13.55	-0.03295	-0.042316276
13.56	0.0021	-0.027822824
13.57	0.0021	-0.022848693
13.58	0.0021	-0.012007974
13.59	0.0021	-0.002145215
13.6	0.0021	3.00316E-05
13.61	0.03716	-0.008373057
13.62	0.03716	-0.012882114
13.63	0.03716	-0.005588556
13.64	0.03716	0.000313879
13.65	-0.03295	0.002105892
13.66	-0.17318	-0.00867039
13.67	-0.41858	-0.043501543
13.68	-0.69903	-0.258207872
13.69	-0.94443	-0.176097315
13.7	-1.11971	-1.269224238
13.71	-1.25994	-1.21699672
13.72	-1.40016	-1.395665054
13.73	-1.54039	-1.638296894
13.74	-1.6105	-1.692001878
13.75	-1.68062	-1.684859927
13.76	-1.75073	-1.665661229
13.77	-1.78579	-1.63944466
13.78	-1.78579	-1.583762228
13.79	-1.75073	-1.514684972
13.8	-1.71567	-1.438512919
13.81	-1.68062	-1.337450845
13.82	-1.57545	-1.235656946
13.83	-1.50533	-1.129324958
13.84	-1.43522	-0.98901941
13.85	-1.29499	-0.854562823
13.86	-1.11971	-0.702238654
13.87	-0.94443	-0.537043235
13.88	-0.73409	-0.369534
13.89	-0.41858	-0.188811166
13.9	-0.10307	-0.034118995
13.91	0.21244	0.087367978
13.92	0.52795	0.237180529
13.93	0.73829	0.427265916
13.94	0.73829	0.584429724
13.95	0.52795	0.629013433
13.96	0.31761	0.85975417
13.97	0.21244	0.203996705
13.98	0.14233	0.447896737
13.99	0.10727	0.356998714
14	0.0021	0.088033964
14.01	-0.03295	-0.001468099
14.02	-0.06801	-0.024835618
14.03	-0.10307	-0.060163814
14.04	-0.06801	-0.072425028
14.05	-0.10307	-0.100595593
14.06	-0.06801	-0.085570119
14.07	-0.06801	-0.110976372
14.08	-0.06801	-0.098027855
14.09	-0.06801	-0.100691582
14.1	-0.06801	-0.083864355
14.11	-0.03295	-0.07455773
14.12	-0.06801	-0.057565809
14.13	-0.06801	-0.048582647
14.14	-0.03295	-0.041635002
14.15	0.0021	-0.038520196
14.16	0.0021	-0.034224464
14.17	0.03716	-0.030445101
14.18	0.03716	-0.033121871
14.19	0.03716	-0.043071494
14.2	0.03716	-0.052170394
14.21	0.03716	-0.050155887
14.22	0.03716	-0.051705477
14.23	0.0021	-0.057052815
14.24	-0.10307	-0.069134664
14.25	-0.27835	-0.107333476
14.26	-0.5588	-0.186107623
14.27	-0.8042	-0.429729967
14.28	-1.01454	-1.203968129
14.29	-1.22488	-1.212616548
14.3	-1.40016	-1.442477068
14.31	-1.57545	-1.603398996
14.32	-1.71567	-1.914288377
14.33	-1.82084	-1.881575613
14.34	-1.8559	-1.882201909
14.35	-1.8559	-1.844701756
14.36	-1.82084	-1.787457412
14.37	-1.78579	-1.694650223
14.38	-1.71567	-1.60457155
14.39	-1.6105	-1.48816674
14.4	-1.43522	-1.355088313
14.41	-1.25994	-1.190174183
14.42	-1.0496	-1.023999686
14.43	-0.76914	-0.812646746
14.44	-0.38352	-0.591004802
14.45	0.03716	-0.394313128
14.46	0.45784	-0.243922108
14.47	0.77335	-0.020722699
14.48	0.77335	0.230074898
14.49	0.45784	0.427971431
14.5	0.21244	0.60031715
14.51	0.10727	0.15627553
14.52	0.07222	0.303689607
14.53	0.0021	0.159958321
14.54	-0.03295	-0.094410972
14.55	-0.06801	-0.100320902
14.56	-0.10307	-0.14412859
14.57	-0.10307	-0.156894526
14.58	-0.10307	-0.150956956
14.59	-0.06801	-0.137842588
14.6	-0.10307	-0.127554402
14.61	-0.10307	-0.121766432
14.62	-0.10307	-0.117580978
14.63	-0.06801	-0.11241445
14.64	-0.06801	-0.104555289
14.65	-0.03295	-0.098935391
14.66	-0.06801	-0.093721431
14.67	-0.03295	-0.08868489
14.68	-0.03295	-0.086730773
14.69	0.0021	-0.090411633
14.7	0.0021	-0.107931767
14.71	0.03716	-0.112881153
14.72	0.0021	-0.111998934
14.73	-0.06801	-0.126289045
14.74	-0.24329	-0.150091163
14.75	-0.5588	-0.198323773
14.76	-0.87431	-0.43137849
14.77	-1.08465	-0.431939312
14.78	-1.29499	-1.732473797
14.79	-1.54039	-1.606608813
14.8	-1.71567	-1.809566787
14.81	-1.8559	-2.218039717
14.82	-2.03118	-2.200156457
14.83	-2.17141	-2.224405804
14.84	-2.20647	-2.25453189
14.85	-2.17141	-2.221347835
14.86	-2.17141	-2.152589648
14.87	-2.06624	-2.055110613
14.88	-1.96107	-1.914669796
14.89	-1.82084	-1.757655168
14.9	-1.57545	-1.578406221
14.91	-1.33005	-1.368365604
14.92	-1.01454	-1.133615158
14.93	-0.62892	-0.867093783
14.94	-0.17318	-0.580488288
14.95	0.31761	-0.399664813
14.96	0.73829	-0.20136252
14.97	0.84346	0.06091033
14.98	0.56301	0.319148084
14.99	0.28256	0.468367456
15	0.07222	0.216088976
15.01	0.0021	0.296200322
15.02	0.0021	0.157958307
15.03	-0.03295	-0.170324238
15.04	-0.06801	-0.166807985
15.05	-0.06801	-0.207126382
15.06	-0.10307	-0.212581646
15.07	-0.13812	-0.183687224
15.08	-0.10307	-0.16838348
15.09	-0.13812	-0.148537959
15.1	-0.10307	-0.133878155
15.11	-0.10307	-0.126494314
15.12	-0.06801	-0.11374176
15.13	-0.10307	-0.10741174
15.14	-0.06801	-0.099927436
15.15	-0.03295	-0.092770695
15.16	-0.03295	-0.090722495
15.17	-0.03295	-0.090711414
15.18	0.0021	-0.102420513
15.19	0.0021	-0.114645973
15.2	-0.03295	-0.114694696
15.21	-0.13812	-0.126235133
15.22	-0.31341	-0.155404086
15.23	-0.66397	-0.223315358
15.24	-0.90937	-0.614529505
15.25	-1.11971	-1.305835126
15.26	-1.33005	-1.363466951
15.27	-1.50533	-1.584026983
15.28	-1.71567	-1.853545835
15.29	-1.89096	-2.101574324
15.3	-1.99613	-2.104021269
15.31	-2.06624	-2.096895521
15.32	-2.13635	-2.106217267
15.33	-2.13635	-2.070210366
15.34	-2.1013	-2.013122566
15.35	-2.06624	-1.933574192
15.36	-1.96107	-1.825415754
15.37	-1.89096	-1.711762582
15.38	-1.78579	-1.534314625
15.39	-1.64556	-1.366188288
15.4	-1.40016	-1.171452173
15.41	-1.15477	-0.9572325
15.42	-0.8042	-0.742697832
15.43	-0.34846	-0.50426366
15.44	0.10727	-0.28723323
15.45	0.56301	-0.123137067
15.46	0.80841	0.083319387
15.47	0.70324	0.325586709
15.48	0.38773	0.416088149
15.49	0.17739	0.351058568
15.5	0.07222	0.383758819
15.51	0.0021	0.29509619
15.52	-0.03295	-0.092025207
15.53	-0.10307	-0.166356247
15.54	-0.13812	-0.204906226
15.55	-0.17318	-0.213691896
15.56	-0.13812	-0.201838948
15.57	-0.13812	-0.170892972
15.58	-0.10307	-0.142891137
15.59	-0.10307	-0.135920273
15.6	-0.10307	-0.11977806
15.61	-0.10307	-0.106034932
15.62	-0.06801	-0.092039569
15.63	-0.06801	-0.078133615
15.64	-0.03295	-0.071328852
15.65	-0.03295	-0.069872898
15.66	-0.06801	-0.070787963
15.67	-0.06801	-0.072446585
15.68	-0.03295	-0.077024302
15.69	0.0021	-0.092900601
15.7	0.03716	-0.10209371
15.71	0.03716	-0.100466591
15.72	0.0021	-0.10286703
15.73	-0.03295	-0.11259277
15.74	-0.13812	-0.135413245
15.75	-0.34846	-0.17717463
15.76	-0.66397	-0.269552101
15.77	-0.87431	-0.620415318
15.78	-1.11971	-1.439900039
15.79	-1.33005	-1.404494486
15.8	-1.54039	-1.654184997
15.81	-1.68062	-1.907102778
15.82	-1.8559	-2.17012737
15.83	-1.92601	-2.122494775
15.84	-2.03118	-2.132637819
15.85	-2.1013	-2.124536303
15.86	-2.13635	-2.091501963
15.87	-2.1013	-2.043441635
15.88	-2.03118	-1.956169394
15.89	-1.92601	-1.827061575
15.9	-1.82084	-1.688130742
15.91	-1.64556	-1.513069197
15.92	-1.43522	-1.325442438
15.93	-1.11971	-1.117479987
15.94	-0.73409	-0.88427577
15.95	-0.27835	-0.609098033
15.96	0.2475	-0.417194349
15.97	0.70324	-0.230349797
15.98	0.84346	0.026842357
15.99	0.59807	0.291484901
16	0.31761	0.443189657
16.01	0.10727	0.234115457
16.02	0.03716	0.30452751
16.03	-0.03295	0.154846549
16.04	-0.10307	-0.241837081
16.05	-0.17318	-0.243405139
16.06	-0.17318	-0.256287951
16.07	-0.13812	-0.242394368
16.08	-0.10307	-0.206024095
16.09	-0.10307	-0.172296015
16.1	-0.10307	-0.145696433
16.11	-0.13812	-0.125221162
16.12	-0.13812	-0.107939052
16.13	-0.10307	-0.091609276
16.14	-0.06801	-0.080822953
16.15	-0.06801	-0.07411032
16.16	-0.06801	-0.072020176
16.17	-0.06801	-0.076923992
16.18	-0.03295	-0.088363876
16.19	0.0021	-0.103197045
16.2	0.0021	-0.113643433
16.21	0.0021	-0.118015444
16.22	0.0021	-0.124105878
16.23	-0.03295	-0.139311755
16.24	-0.13812	-0.151318474
16.25	-0.38352	-0.205127407
16.26	-0.73409	-0.298143876
16.27	-1.01454	-0.660985953
16.28	-1.25994	-1.562003215
16.29	-1.50533	-1.559262734
16.3	-1.71567	-1.72014836
16.31	-1.92601	-2.271820414
16.32	-2.1013	-2.312123695
